CATMULL_ROM
26
8
1.000 0.000
0.700 0.700
0.000 1.000
-0.700 0.700
-1.000 0.000
-0.700 -0.700
0.000 -1.000
0.700 -0.700
6.000
0.000 0 1 0
0.000 0.000 0.000

1.000 0.000
0.700 0.700
0.000 1.000
-0.700 0.700
-1.000 0.000
-0.700 -0.700
0.000 -1.000
0.700 -0.700
6.000
0.000 0 1 0
0.000 0.273 0.000

1.000 0.000
0.700 0.700
0.000 1.000
-0.700 0.700
-1.000 0.000
-0.700 -0.700
0.000 -1.000
0.700 -0.700
6.000
0.000 0 1 0
0.000 0.545 0.000

1.000 0.000
0.700 0.700
0.000 1.000
-0.700 0.700
-1.000 0.000
-0.700 -0.700
0.000 -1.000
0.700 -0.700
6.000
0.000 0 1 0
0.000 0.818 0.000

1.000 0.000
0.700 0.700
0.000 1.000
-0.700 0.700
-1.000 0.000
-0.700 -0.700
0.000 -1.000
0.700 -0.700
6.000
0.000 0 1 0
0.000 1.091 0.000

1.000 0.000
0.700 0.700
0.000 1.000
-0.700 0.700
-1.000 0.000
-0.700 -0.700
0.000 -1.000
0.700 -0.700
6.000
0.000 0 1 0
0.000 1.364 0.000

1.000 0.000
0.700 0.700
0.000 1.000
-0.700 0.700
-1.000 0.000
-0.700 -0.700
0.000 -1.000
0.700 -0.700
6.000
0.000 0 1 0
0.000 1.636 0.000

1.000 0.000
0.700 0.700
0.000 1.000
-0.700 0.700
-1.000 0.000
-0.700 -0.700
0.000 -1.000
0.700 -0.700
6.000
0.000 0 1 0
0.000 1.909 0.000

1.000 0.000
0.700 0.700
0.000 1.000
-0.700 0.700
-1.000 0.000
-0.700 -0.700
0.000 -1.000
0.700 -0.700
6.000
0.000 0 1 0
0.000 2.182 0.000

1.000 0.000
0.700 0.700
0.000 1.000
-0.700 0.700
-1.000 0.000
-0.700 -0.700
0.000 -1.000
0.700 -0.700
6.000
0.000 0 1 0
0.000 2.455 0.000

1.000 0.000
0.700 0.700
0.000 1.000
-0.700 0.700
-1.000 0.000
-0.700 -0.700
0.000 -1.000
0.700 -0.700
6.000
0.000 0 1 0
0.000 2.727 0.000

1.000 0.000
0.700 0.700
0.000 1.000
-0.700 0.700
-1.000 0.000
-0.700 -0.700
0.000 -1.000
0.700 -0.700
6.000
0.000 0 1 0
0.000 3.000 0.000

1.000 0.000
0.700 0.700
0.000 1.000
-0.700 0.700
-1.000 0.000
-0.700 -0.700
0.000 -1.000
0.700 -0.700
4.000
0.000 0 1 0
0.000 3.000 0.000

1.000 0.000
0.700 0.700
0.000 1.000
-0.700 0.700
-1.000 0.000
-0.700 -0.700
0.000 -1.000
0.700 -0.700
4.000
0.000 0 1 0
0.000 3.286 0.000

1.000 0.000
0.700 0.700
0.000 1.000
-0.700 0.700
-1.000 0.000
-0.700 -0.700
0.000 -1.000
0.700 -0.700
4.000
0.000 0 1 0
0.000 3.571 0.000

1.000 0.000
0.700 0.700
0.000 1.000
-0.700 0.700
-1.000 0.000
-0.700 -0.700
0.000 -1.000
0.700 -0.700
4.000
0.000 0 1 0
0.000 3.857 0.000

1.000 0.000
0.700 0.700
0.000 1.000
-0.700 0.700
-1.000 0.000
-0.700 -0.700
0.000 -1.000
0.700 -0.700
4.000
0.000 0 1 0
0.000 4.143 0.000

1.000 0.000
0.700 0.700
0.000 1.000
-0.700 0.700
-1.000 0.000
-0.700 -0.700
0.000 -1.000
0.700 -0.700
4.000
0.000 0 1 0
0.000 4.429 0.000

1.000 0.000
0.700 0.700
0.000 1.000
-0.700 0.700
-1.000 0.000
-0.700 -0.700
0.000 -1.000
0.700 -0.700
4.000
0.000 0 1 0
0.000 4.714 0.000

1.000 0.000
0.700 0.700
0.000 1.000
-0.700 0.700
-1.000 0.000
-0.700 -0.700
0.000 -1.000
0.700 -0.700
4.000
0.000 0 1 0
0.000 5.000 0.000

1.000 0.000
0.700 0.700
0.000 1.000
-0.700 0.700
-1.000 0.000
-0.700 -0.700
0.000 -1.000
0.700 -0.700
2.000
0.000 0 1 0
0.000 5.000 0.000

1.000 0.000
0.700 0.700
0.000 1.000
-0.700 0.700
-1.000 0.000
-0.700 -0.700
0.000 -1.000
0.700 -0.700
2.000
0.000 0 1 0
0.000 5.400 0.000

1.000 0.000
0.700 0.700
0.000 1.000
-0.700 0.700
-1.000 0.000
-0.700 -0.700
0.000 -1.000
0.700 -0.700
2.000
0.000 0 1 0
0.000 5.800 0.000

1.000 0.000
0.700 0.700
0.000 1.000
-0.700 0.700
-1.000 0.000
-0.700 -0.700
0.000 -1.000
0.700 -0.700
2.000
0.000 0 1 0
0.000 6.200 0.000

1.000 0.000
0.700 0.700
0.000 1.000
-0.700 0.700
-1.000 0.000
-0.700 -0.700
0.000 -1.000
0.700 -0.700
2.000
0.000 0 1 0
0.000 6.600 0.000

1.000 0.000
0.700 0.700
0.000 1.000
-0.700 0.700
-1.000 0.000
-0.700 -0.700
0.000 -1.000
0.700 -0.700
2.000
0.000 0 1 0
0.000 7.000 0.000

