CATMULL_ROM
10
8
1.000 0.000
0.700 0.700
0.000 1.000
-0.700 0.700
-1.000 0.000
-0.700 -0.700
0.000 -1.000
0.700 -0.700
0.400
0.000 0 1 0
0.000 7.000 0.000

1.000 0.000
0.700 0.700
0.000 1.000
-0.700 0.700
-1.000 0.000
-0.700 -0.700
0.000 -1.000
0.700 -0.700
0.400
0.000 0 1 0
0.000 7.167 0.000

1.000 0.000
0.700 0.700
0.000 1.000
-0.700 0.700
-1.000 0.000
-0.700 -0.700
0.000 -1.000
0.700 -0.700
0.400
0.000 0 1 0
0.000 7.333 0.000

1.000 0.000
0.700 0.700
0.000 1.000
-0.700 0.700
-1.000 0.000
-0.700 -0.700
0.000 -1.000
0.700 -0.700
0.400
0.000 0 1 0
0.000 7.500 0.000

1.000 0.000
0.700 0.700
0.000 1.000
-0.700 0.700
-1.000 0.000
-0.700 -0.700
0.000 -1.000
0.700 -0.700
0.400
0.000 0 1 0
0.000 7.667 0.000

1.000 0.000
0.700 0.700
0.000 1.000
-0.700 0.700
-1.000 0.000
-0.700 -0.700
0.000 -1.000
0.700 -0.700
0.400
0.000 0 1 0
0.000 7.833 0.000

1.000 0.000
0.700 0.700
0.000 1.000
-0.700 0.700
-1.000 0.000
-0.700 -0.700
0.000 -1.000
0.700 -0.700
0.400
0.000 0 1 0
0.000 8.000 0.000

1.000 0.000
0.700 0.700
0.000 1.000
-0.700 0.700
-1.000 0.000
-0.700 -0.700
0.000 -1.000
0.700 -0.700
0.400
0.000 0 1 0
0.000 8.167 0.000

1.000 0.000
0.700 0.700
0.000 1.000
-0.700 0.700
-1.000 0.000
-0.700 -0.700
0.000 -1.000
0.700 -0.700
0.400
0.000 0 1 0
0.000 8.333 0.000

1.000 0.000
0.700 0.700
0.000 1.000
-0.700 0.700
-1.000 0.000
-0.700 -0.700
0.000 -1.000
0.700 -0.700
0.400
0.000 0 1 0
0.000 8.500 0.000

